9789322886192667713999597652972828489298193868271919348889871967497986926939727358997884891977956945
9575621188292129524798288991976158721494398519617999984474999997868129319496861412917819477517222482
9938913275417259737791399678879224917698488468316318299282237915962938999933957461848517689319918993
6898819915327728987327491997885637921422289298919576769959539336534321881489969978992746885471879592
4963829699986919956889489519982926639654739389197329476178919455415491716121629195271897874465699238
7358459987482499374188284983294988962868379719899196792789791988514891519159384799716915771892188772
4162976816197999866923655179698623198825997771374898895888688995597978939254648894172996962246752589
4754174539187552198894945898819942678918997467528919186594355687154781284635249685889588176818859696
8996173596867227456667518581831616799999492266944658199951948294524926177249269111896895615369781999
8868421997986196584169899116882959848195969889499988557297167817194899289669249419926759496383896936
8766312198688391687219976965952658989987391955888973238289978999597584182999949251913898388122717983
9865872899157182836174725589797516985795777779996195155961981992978878993593962619993256841239831969
2847916888887977827333791162828181922175251338882553289661987465829996427927298499834899993349316358
4128799189999839945879142849895911173991267839112757492892689797546298939975192872522218597238386677
9585118323995914874118598992628156918659625999436287179998991866111983411979256697899812697791967881
2473342747283342941733264869984197498194894991489748481499996795398444475152196888241522281626894818
1561862691919992916687399819748295696399563669895992891359724957979768929992959179576986455172379935
3998467328787688893523187967821894266257989382799269964938627183669755859989829273958849981975583367
7118317879356336827883991915511929877396594341198929692164979899399767779433996496389414999283963959
9929798518431988489419579991874963694977291523894984215378169641887486849846181923111661489799694812
3847189169431319987229245491499397937998684899791699944892888978789929881859199899197872662264887188
5488389573859565679575937415951929284197128741915769642169589177617223748982117933889929767689548821
9171186974899555199799766875597388821778897896585594678613461492294754749379514383374387859881919132
9993799999838787198579723527789779998977416969192127153267979828748599644535992857763231853972398675
4838878979151587219899658635619947475257926698162177737999698277796698776516459198889389477998877954
9694969874498869939999969359693755297499968637656888873843774872923971678318164568989254534823139689
4971299745998998432575868176491959769761439789655892519219549799565995987999112989456439196284224115
4791618952948656995611877155991954319953159536419113191696177181317635679789899963195975969478896249
9783971979499194217398199865681965969811136949539939138599776462928669375669829695944981195887891926
3799977466429424987314391795951211227591862997439627986189936161937177654563699978939931685356187987
6823696516688598871931916997769969862387752979795791968997646988894595978911681449976856958993742981
7999885483626899981492649998196881854879569889728953665481985551526741687451759115941297397935891379
4396987694648581839888761721925797113194868141599638859194882297121139799899599696911998139596545757
9999838799991395391874699398696599566192821979622994569189874884649879159954889852896754556629985996
9798949988457139753876587964419497438619937397457126184928712989788189594913292378788445357891865998
9817991657537912158692361995986959894983688295991939799998836766785592787726924343575958916161464336
9992694191565347111728865235816128989289181879979491697673188957998889455889699159921863518366134983
1869797499279187219252665857499699457717491299845235599999992799978886967721689293261639994842197811
9989681713619996829587965153346898676898923787989939873251264889249981319662399199929899862987744493
3194948382499946195889946369969896761196329273175115679992755379139339671997999831131199998992548994
5211629698837219787461221117764957485528929967864998772974232369791126929779661977939256861518467166
9999973919589929695481662779182791448924112125874947981464178566996568899712459395179162499776429595
9331926426386699912497871939582811385799639889198593391789848159471299498233999814929898375718949949
7449277975497894196993199991395311648839639232937497359843843999282481195699569586394694755818793642
9943799294875653992719597866988179199985768986287911798576229155459768198653251466881867799939616299
4193547462427989866749751721591991399485869745797161678847619151839898947425687965263494534149465419
4919699794778198379781432994967479489987131691989688473599795491844574979128696969854818821878739189
9295878989184761553811122272677979981377954267419158787944569993734217952579864698638273992646717799
7278825874811322425685278737989972389898693133766924924558994797498264989996942996194499556925927538
4498881887886855536682859686959175919946697413772698119469794288347485444859146621891393995891955998
8892657845495281519957929569299991938284478815388479746919417899686979657891988397798995393992899986
3783379973979985885886761929997867678884549369988596153859193333127187949994919226193951985291291919
6985198911291175579192256749987748534199843817988695322652271223754958572196576589834926279219597111
3922928997943924918549936762286655338879467699779639859393795791889593198241998496543974987398243991
8929317678617669689864729969387946898927786445976453862436317786929139225851464571798716194674738887
2471476789379519436582968239115176979812994894893846896896548662868698919715139784419917977835276824
9878967791819951797895189689499353811399198997769195818419899561852431142994717691217211915943453792
9389973399947159718993918842882579911889825771872156336724759935489391292938542123588751985798939677
2448598899978468958859951911915782215498992576788295424915987289326771699979239991786326967887468542
9123535211919769922289922451373919682934595116193816718682731618952365895489394989559367151953544499
6967586947765781965697226384792627711893611731998946128996788459279865691997283687919892848768829792
9788177197284689799913381271879949969923779629357419193769716988277791769994949594929779489982416696
9861995966299797968499999749985996798151948996268298174632395395886468128687538499576172694988889979
8928979399919361584296999849289399919169589922838169796676991399936276785693248986993729299994897623
5689969895996896253914133528998752937744249746999917259299829299528681995748299149257886988596786983
1967193498739999117199895865597287978499925789571699761354896526378919558429198669716449998196427998
9391497137161744919182659364949894239879829494365137779957816947592198118989699391379199888882919889
9929685991482887697888953728839239711236962998178964837392886341823919739989499638968989918992681458
2578478999637998689888637471745378252752825191984972518312891248592217999853688229878264169887998899
8965419817118765588617648889999698994128718229572872937499113369376167316929699236184851277524962531
9998468614969937663815871477822914389884719841149689881672314249799973995747595397919999977972969956
9878567811983574499969715985669789181864347373792996219975452435951439983867663786514763398878593999
1228931573117278998819596593716311947941985669882826182669567975179944189899568859794941382899863871
2285384949694119868584981749969973887389889353682199976959999199839419495879183988122488633889211991
9677482953541261437945179789917789993997691778772539999118859794999489669737892719679595698766872991
8179434995495979179271175936299889797685996876414692597195319924695437896499888588299589398484518695
4198229872889816191538829999594927698121198399895874911879168993429186214998496299799299639521929599
8729947613849122679698999699598843713981982219979892495959319926619766119119999728795556997426965187
9389886998385478912464721426949979224692525799392317783367775439919865399789986669892979599519191997
8699942336188884993884111198119989731592857783893941869883998421498859896112818213772688191672968699
3363477468188468516951915715776659223696191786969122857894956226954999693951439611599599956999899719
6296277818789523369187369889854446685486958693662914285878281915896799675435682358473933399859888548
9628933937855667286188374999882939396597993579939795567692991144419348325829198928645521399382419525
6695851194548639681185186991431991485976685352217864876621257746159158152461968593717371527698993969
7981198599338999998243439795927597938129899632696934359288253923816895955599818979393172919947228339
6481279327827428989262849197979659863915932854769897975496398496419527562369814475245973291798294942
9636777997488378544959539959397699634919999968999393587991993923482829984883598931637169963199994794
4679288544931956459722891579145815127671892931818596618869849115817198119845446979917295472599979697
1922964596596893198298917277794999689971259691962918157851979298521437599867938871715999864919985883
7192996794187961784971871195299919646768499239995897588789154849914439799941329442854599177168989961
2883583771638187348783959618233718423999419319433182886929645941121869949159259673789244719959956749
9991268114199949794791796795151878173829818456228578898645323899918281149142955212695197418994587174
5822959499745689121299788498326889228195559581461939923966779537811589953569287319796289781151896998
9436897921158247555137871611749911768277565988629785829889858951887621699199839538523975486819251893
1571594862927992187996116148364523937892965687869956265897667779393599639466524679734165387399639919
9962786724482327797782587728196679924397986562195996992414831467286182966919287429338691914799216922
2868984576173294283787497486199683551687121917991949629129179396318957289999939916396534179719475154
8161999568288257811833436992819491416421957693693927229887767937937879669299995891838667789831398918
5642987589521545911812978695295887997969939295111585967955999757381277157458472481896569927654279198
1639994457999996998897899825678569915775375379984811345791613225965498722945837199848446799916989575
